   e.vote Bush.pct.2000 Change.in.Bush.pct
1       0      41.87559          1.4253378
2       0      70.10747          7.9122901
3       0      67.20998          4.4953167
4       0      54.20394          3.9113581
5       0      63.77665          6.1779618
6       1      31.45340          3.5056561
7       0      57.14002          6.9712460
8       1      54.44207          2.0281851
9       0      53.83600          3.5985231
10      0      74.04201          2.5566578
11      1      66.89093         -1.3005614
12      0      60.87391          6.7275763
13      0      56.17740          2.3151696
14      0      59.62856          9.7237527
15      0      58.50778         -0.4179120
16      0      64.07248          1.8633008
17      0      47.57827          3.8109452
18      0      54.53333          4.5947313
19      0      32.87133         -2.9567152
20      0      63.33973          7.6465845
21      0      56.07676          2.6602864
22      0      59.69396          7.3996246
23      0      55.48087         -0.2380550
24      0      61.68087          8.4748209
25      0      59.43408         -0.1915932
26      0      48.42155          5.1611274
27      0      58.78451          3.9859891
28      1      51.59898          1.8032730
29      0      69.71341          8.2671225
30      1      59.15956          1.4801085
31      0      57.09109          4.5367539
32      0      44.89944         -0.5177915
33      0      67.91379          6.5188885
34      1      57.76094          2.9105186
35      1      59.06534          1.4148593
36      0      38.87192         -1.2996584
37      0      55.95627          7.1946025
38      0      56.42673          7.8708947
39      0      50.19828          0.6933868
40      0      54.09553          2.9374540
41      0      55.24818          3.4190297
42      1      56.06536          1.7997026
43      1      46.82416         -0.7216275
44      0      49.34853          0.4097968
45      1      70.23463          3.2910466
46      0      75.45227          2.7905405
47      0      52.43131          5.0944626
48      0      48.96210          0.9543121
49      0      48.19002          4.5586199
50      1      36.18575          3.0731469
51      1      49.64458          5.2685797
52      1      47.94983          2.0812273
53      0      54.56056          4.4025719
54      0      52.63219          6.9672823
55      0      66.97263          2.1923602
56      1      45.50640          2.3601085
57      0      73.91393          4.1073024
58      0      53.28528          0.9242237
59      0      56.11898          2.3072958
60      1      55.72045          7.3639691
61      0      66.26935          4.8867047
62      0      60.49217          3.7004292
63      0      62.36961         10.7097924
64      0      45.84022          3.3370137
65      0      54.03593          4.0211260
66      0      68.34605          5.5067182
67      0      64.09138          7.5859904
